col1,col2
300.5,0.0
301.0,0.0
301.5,0.0
302.0,0.0
302.5,0.0
303.0,0.0
303.5,0.0
304.0,0.0
304.5,0.0
305.0,0.0
305.5,0.0
306.0,0.0
306.5,0.0
307.0,0.0
307.5,0.0
308.0,0.0
308.5,0.0
309.0,0.0
309.5,0.0
310.0,0.0
310.5,0.0
311.0,0.0
311.5,0.0
312.0,0.0
312.5,0.0
313.0,0.0
313.5,0.0
314.0,0.0
314.5,0.0
315.0,0.0
315.5,0.0
316.0,0.0
316.5,0.0
317.0,0.0
317.5,0.0
318.0,0.0
318.5,0.0
319.0,0.0
319.5,0.0
320.0,0.0
320.5,0.0
321.0,0.0
321.5,0.0
322.0,0.0
322.5,0.0
323.0,0.0
323.5,0.0
324.0,0.0
324.5,0.0
325.0,0.0
325.5,0.0
326.0,0.0
326.5,0.0
327.0,0.0
327.5,0.0
328.0,0.0
328.5,0.0
329.0,0.0
329.5,0.0
330.0,0.0
330.5,0.0
331.0,0.0
331.5,0.0
332.0,0.0
332.5,0.0
333.0,0.0
333.5,0.0
334.0,0.0
334.5,0.0
335.0,0.0
335.5,0.0
336.0,0.0
336.5,0.0
337.0,0.0
337.5,0.0
338.0,0.0
338.5,0.0
339.0,0.0
339.5,0.0
340.0,0.0
340.5,0.0
341.0,0.0
341.5,0.0
342.0,0.0
342.5,0.0
343.0,0.0
343.5,0.0
344.0,0.0
344.5,0.0
345.0,0.0
345.5,0.0
346.0,0.0
346.5,0.0
347.0,0.0
347.5,0.0
348.0,0.0
348.5,0.0
349.0,0.0
349.5,0.0
350.0,0.0
350.5,0.0
351.0,0.0
351.5,0.0
352.0,0.0
352.5,0.0
353.0,0.0
353.5,0.0
354.0,0.0
354.5,0.0
355.0,0.0
355.5,0.0
356.0,0.0
356.5,0.0
357.0,0.0
357.5,0.0
358.0,0.0
358.5,0.0
359.0,0.0
359.5,0.0
360.0,0.0
360.5,0.0
361.0,0.0
361.5,0.0
362.0,0.0
362.5,0.0
363.0,0.0
363.5,0.0
364.0,0.0
364.5,0.0
365.0,0.0
365.5,0.0
366.0,0.0
366.5,0.0
367.0,0.0
367.5,0.0
368.0,0.0
368.5,0.0
369.0,0.0
369.5,0.0
370.0,0.0
370.5,0.0
371.0,0.0
371.5,0.0
372.0,0.0
372.5,0.0
373.0,0.0
373.5,0.0
374.0,0.0
374.5,0.0
375.0,0.0
375.5,0.0
376.0,0.0
376.5,0.0
377.0,0.0
377.5,0.0
378.0,0.0
378.5,0.0
379.0,0.0
379.5,0.0
380.0,0.0
380.5,0.0
381.0,0.0
381.5,0.0
382.0,0.0
382.5,0.0
383.0,0.0
383.5,0.0
384.0,0.0
384.5,0.0
385.0,0.0
385.5,0.0
386.0,0.0
386.5,0.0
387.0,0.0
387.5,0.0
388.0,0.0
388.5,0.0
389.0,0.0
389.5,0.0
390.0,0.0
390.5,0.0
391.0,0.0
391.5,0.0
392.0,0.0
392.5,0.0
393.0,0.0
393.5,0.0
394.0,0.0
394.5,0.0
395.0,0.0
395.5,0.0
396.0,0.0
396.5,0.0
397.0,0.0
397.5,0.0
398.0,0.0
398.5,0.0
399.0,0.0
399.5,0.0
400.0,0.0
400.5,0.0
401.0,0.0
401.5,0.0
402.0,0.0
402.5,0.0
403.0,0.0
403.5,0.0
404.0,0.0
404.5,0.0
405.0,0.0
405.5,0.0
406.0,0.0
406.5,0.0
407.0,0.0
407.5,0.0
408.0,0.0
408.5,0.0
409.0,0.0
409.5,0.0
410.0,0.0
410.5,0.0
411.0,0.0
411.5,0.0
412.0,0.0
412.5,0.0
413.0,0.0
413.5,0.0
414.0,0.0
414.5,0.0
415.0,0.0
415.5,0.0
416.0,0.0
416.5,0.0
417.0,0.0
417.5,0.0
418.0,0.0
418.5,0.0
419.0,0.0
419.5,0.0
420.0,0.0
420.5,0.0
421.0,0.0
421.5,0.0
422.0,0.0
422.5,0.0
423.0,0.0
423.5,0.0
424.0,0.0
424.5,0.0
425.0,0.0
425.5,0.0
426.0,0.0
426.5,0.0
427.0,0.0
427.5,0.0
428.0,0.0
428.5,0.0
429.0,0.0
429.5,0.0
430.0,0.0
430.5,0.0
431.0,0.0
431.5,0.0
432.0,0.0
432.5,0.0
433.0,0.0
433.5,0.0
434.0,0.0
434.5,0.0
435.0,0.0
435.5,0.0
436.0,0.0
436.5,0.0
437.0,0.0
437.5,0.0
438.0,0.0
438.5,0.0
439.0,0.0
439.5,0.0
440.0,0.0
440.5,0.0
441.0,0.0
441.5,0.0
442.0,0.0
442.5,0.0
443.0,0.0
443.5,0.0
444.0,0.0
444.5,0.0
445.0,0.0
445.5,0.0
446.0,0.0
446.5,0.0
447.0,0.0
447.5,0.0
448.0,0.0
448.5,0.0
449.0,0.0
449.5,0.0
450.0,0.0
450.5,0.0
451.0,0.0
451.5,0.0
452.0,0.0
452.5,0.0
453.0,0.0
453.5,0.0
454.0,0.0
454.5,0.0
455.0,0.0
455.5,0.0
456.0,0.0
456.5,0.0
457.0,0.0
457.5,0.0
458.0,0.0
458.5,0.0
459.0,0.0
459.5,0.0
460.0,0.0
460.5,0.0
461.0,0.0
461.5,0.0
462.0,0.0
462.5,0.0
463.0,0.0
463.5,0.0
464.0,0.0
464.5,0.0
465.0,0.0
465.5,0.0
466.0,0.0
466.5,0.0
467.0,0.0
467.5,0.0
468.0,0.0
468.5,0.0
469.0,0.0
469.5,0.0
470.0,0.0
470.5,0.0
471.0,0.0
471.5,0.0
472.0,0.0
472.5,0.0
473.0,0.0
473.5,0.0
474.0,0.0
474.5,0.0
475.0,0.0
475.5,0.0
476.0,0.0
476.5,0.0
477.0,0.0
477.5,0.0
478.0,0.0
478.5,0.0
479.0,0.0
479.5,0.0
480.0,0.0
480.5,0.0
481.0,0.0
481.5,0.0
482.0,0.0
482.5,0.0
483.0,0.0
483.5,0.0
484.0,0.0
484.5,0.0
485.0,0.0
485.5,0.0
486.0,0.0
486.5,0.0
487.0,0.0
487.5,0.0
488.0,0.0
488.5,0.0
489.0,0.0
489.5,0.0
490.0,0.0
490.5,0.0
491.0,0.0
491.5,0.0
492.0,0.0
492.5,0.0
493.0,0.0
493.5,0.0
494.0,0.0
494.5,0.0
495.0,0.0
495.5,0.0
496.0,0.0
496.5,0.0
497.0,0.0
497.5,0.0
498.0,0.0
498.5,0.0
499.0,0.0
499.5,0.0
500.0,0.0
500.5,0.0
501.0,0.0
501.5,0.0
502.0,0.0
502.5,0.0
503.0,0.0
503.5,0.0
504.0,0.0
504.5,0.0
505.0,0.0
505.5,0.0
506.0,0.0
506.5,0.0
507.0,0.0
507.5,0.0
508.0,0.0
508.5,0.0
509.0,0.0
509.5,0.0
510.0,0.0
510.5,0.0
511.0,0.0
511.5,0.0
512.0,0.0
512.5,0.0
513.0,0.0
513.5,0.0
514.0,0.0
514.5,0.0
515.0,0.0
515.5,0.0
516.0,0.0
516.5,0.0
517.0,0.0
517.5,0.0
518.0,0.0
518.5,0.0
519.0,0.0
519.5,0.0
520.0,0.0
520.5,0.0
521.0,0.0
521.5,0.0
522.0,0.0
522.5,0.0
523.0,0.0
523.5,0.0
524.0,0.0
524.5,0.0
525.0,0.0
525.5,0.0
526.0,0.0
526.5,0.0
527.0,0.0
527.5,0.0
528.0,0.0
528.5,0.0
529.0,0.0
529.5,0.0
530.0,0.0
530.5,0.0
531.0,0.0
531.5,0.0
532.0,0.0
532.5,0.0
533.0,0.0
533.5,0.0
534.0,0.0
534.5,0.0
535.0,0.0
535.5,0.0
536.0,0.0
536.5,0.0
537.0,0.0
537.5,0.0
538.0,0.0
538.5,0.0
539.0,0.0
539.5,0.0
540.0,0.0
540.5,0.0
541.0,0.0
541.5,0.0
542.0,0.0
542.5,0.0
543.0,0.0
543.5,0.0
544.0,0.0
544.5,0.0
545.0,0.0
545.5,0.0
546.0,0.0
546.5,0.0
547.0,0.0
547.5,0.0
548.0,0.0
548.5,0.0
549.0,0.0
549.5,0.0
550.0,0.0
550.5,0.0
551.0,0.0
551.5,0.0
552.0,0.0
552.5,0.0
553.0,0.0
553.5,0.0
554.0,0.0
554.5,0.0
555.0,0.0
555.5,0.0
556.0,0.0
556.5,0.0
557.0,0.0
557.5,0.0
558.0,0.0
558.5,0.0
559.0,0.0
559.5,0.0
560.0,0.0
560.5,0.0
561.0,0.0
561.5,0.0
562.0,0.0
562.5,0.0
563.0,0.0
563.5,0.0
564.0,0.0
564.5,0.0
565.0,0.0
565.5,0.0
566.0,0.0
566.5,0.0
567.0,0.0
567.5,0.0
568.0,0.0
568.5,0.0
569.0,0.0
569.5,0.0
570.0,0.0
570.5,0.0
571.0,0.0
571.5,0.0
572.0,0.0
572.5,0.0
573.0,0.0
573.5,0.0
574.0,0.0
574.5,0.0
575.0,0.0
575.5,0.0
576.0,0.0
576.5,0.0
577.0,0.0
577.5,0.0
578.0,0.0
578.5,0.0
579.0,0.0
579.5,0.0
580.0,0.0
580.5,0.0
581.0,0.0
581.5,0.0
582.0,0.0
582.5,0.0
583.0,0.0
583.5,0.0
584.0,0.0
584.5,0.0
585.0,0.0
585.5,0.0
586.0,0.0
586.5,0.0
587.0,0.0
587.5,0.0
588.0,0.0
588.5,0.0
589.0,0.0
589.5,0.0
590.0,0.0
590.5,0.0
591.0,0.0
591.5,0.0
592.0,0.0
592.5,0.0
593.0,0.0
593.5,0.0
594.0,0.0
594.5,0.0
595.0,0.0
595.5,0.0
596.0,0.0
596.5,0.0
597.0,0.0
597.5,0.0
598.0,0.0
598.5,0.0
599.0,0.0
599.5,0.0
600.0,0.0
600.5,0.0
601.0,0.0
601.5,0.0
602.0,0.0
602.5,0.0
603.0,0.0
603.5,0.0
604.0,0.0
604.5,0.0
605.0,0.0
605.5,0.0
606.0,0.0
606.5,0.0
607.0,0.0
607.5,0.0
608.0,0.0
608.5,0.0
609.0,0.0
609.5,0.0
610.0,0.0
610.5,0.0
611.0,0.0
611.5,0.0
612.0,0.0
612.5,0.0
613.0,0.0
613.5,0.0
614.0,0.0
614.5,0.0
615.0,9.5000001465451e-07
615.5,9.5000001465451e-07
616.0,9.5000001465451e-07
616.5,9.5000001465451e-07
617.0,9.5000001465451e-07
617.5,9.5000001465451e-07
618.0,9.5000001465451e-07
618.5,9.5000001465451e-07
619.0,9.5000001465451e-07
619.5,9.5000001465451e-07
620.0,9.5000001465451e-07
620.5,9.5000001465451e-07
621.0,9.5000001465451e-07
621.5,9.5000001465451e-07
622.0,9.5000001465451e-07
622.5,9.5000001465451e-07
623.0,9.5000001465451e-07
623.5,9.5000001465451e-07
624.0,9.5000001465451e-07
624.5,9.5000001465451e-07
625.0,9.5000001465451e-07
625.5,9.5000001465451e-07
626.0,9.5000001465451e-07
626.5,9.5000001465451e-07
627.0,9.5000001465451e-07
627.5,9.5000001465451e-07
628.0,9.5000001465451e-07
628.5,9.5000001465451e-07
629.0,9.5000001465451e-07
629.5,9.5000001465451e-07
630.0,9.5000001465451e-07
630.5,9.5000001465451e-07
631.0,9.5000001465451e-07
631.5,9.5000001465451e-07
632.0,9.5000001465451e-07
632.5,9.5000001465451e-07
633.0,9.5000001465451e-07
633.5,9.5000001465451e-07
634.0,9.5000001465451e-07
634.5,9.5000001465451e-07
635.0,9.5000001465451e-07
635.5,9.5000001465451e-07
636.0,9.5000001465451e-07
636.5,9.5000001465451e-07
637.0,9.5000001465451e-07
637.5,9.5000001465451e-07
638.0,9.5000001465451e-07
638.5,9.5000001465451e-07
639.0,9.5000001465451e-07
639.5,9.5000001465451e-07
640.0,9.5000001465451e-07
640.5,9.5000001465451e-07
641.0,9.5000001465451e-07
641.5,9.5000001465451e-07
642.0,9.5000001465451e-07
642.5,9.5000001465451e-07
643.0,9.5000001465451e-07
643.5,9.5000001465451e-07
644.0,9.5000001465451e-07
644.5,9.5000001465451e-07
645.0,9.5000001465451e-07
645.5,9.5000001465451e-07
646.0,9.5000001465451e-07
646.5,9.5000001465451e-07
647.0,9.5000001465451e-07
647.5,9.5000001465451e-07
648.0,9.5000001465451e-07
648.5,9.5000001465451e-07
649.0,9.5000001465451e-07
649.5,9.5000001465451e-07
650.0,9.5000001465451e-07
650.5,9.5000001465451e-07
651.0,9.5000001465451e-07
651.5,9.5000001465451e-07
652.0,9.5000001465451e-07
652.5,9.5000001465451e-07
653.0,9.5000001465451e-07
653.5,9.5000001465451e-07
654.0,9.5000001465451e-07
654.5,9.5000001465451e-07
655.0,9.5000001465451e-07
655.5,9.5000001465451e-07
656.0,9.5000001465451e-07
656.5,9.5000001465451e-07
657.0,9.5000001465451e-07
657.5,9.5000001465451e-07
658.0,9.5000001465451e-07
658.5,9.5000001465451e-07
659.0,9.5000001465451e-07
659.5,9.5000001465451e-07
660.0,9.5000001465451e-07
660.5,9.5000001465451e-07
661.0,9.5000001465451e-07
661.5,9.5000001465451e-07
662.0,9.5000001465451e-07
662.5,9.5000001465451e-07
663.0,9.5000001465451e-07
663.5,9.5000001465451e-07
664.0,9.5000001465451e-07
664.5,9.5000001465451e-07
665.0,9.5000001465451e-07
665.5,9.5000001465451e-07
666.0,9.5000001465451e-07
666.5,9.5000001465451e-07
667.0,9.5000001465451e-07
667.5,9.5000001465451e-07
668.0,9.5000001465451e-07
668.5,9.5000001465451e-07
669.0,9.5000001465451e-07
669.5,9.5000001465451e-07
670.0,9.5000001465451e-07
670.5,9.5000001465451e-07
671.0,9.5000001465451e-07
671.5,9.5000001465451e-07
672.0,9.5000001465451e-07
672.5,9.5000001465451e-07
673.0,9.5000001465451e-07
673.5,9.5000001465451e-07
674.0,9.5000001465451e-07
674.5,9.5000001465451e-07
675.0,9.5000001465451e-07
675.5,9.5000001465451e-07
676.0,9.5000001465451e-07
676.5,9.5000001465451e-07
677.0,9.5000001465451e-07
677.5,9.5000001465451e-07
678.0,9.5000001465451e-07
678.5,9.5000001465451e-07
679.0,9.5000001465451e-07
679.5,9.5000001465451e-07
680.0,9.5000001465451e-07
680.5,9.5000001465451e-07
681.0,9.5000001465451e-07
681.5,9.5000001465451e-07
682.0,9.5000001465451e-07
682.5,9.5000001465451e-07
683.0,9.5000001465451e-07
683.5,9.5000001465451e-07
684.0,9.5000001465451e-07
684.5,9.5000001465451e-07
685.0,9.5000001465451e-07
685.5,9.5000001465451e-07
686.0,9.5000001465451e-07
686.5,9.5000001465451e-07
687.0,9.5000001465451e-07
687.5,9.5000001465451e-07
688.0,9.5000001465451e-07
688.5,9.5000001465451e-07
689.0,9.5000001465451e-07
689.5,9.5000001465451e-07
690.0,9.5000001465451e-07
690.5,9.5000001465451e-07
691.0,9.5000001465451e-07
691.5,9.5000001465451e-07
692.0,9.5000001465451e-07
692.5,9.5000001465451e-07
693.0,9.5000001465451e-07
693.5,9.5000001465451e-07
694.0,9.5000001465451e-07
694.5,9.5000001465451e-07
695.0,9.5000001465451e-07
695.5,9.5000001465451e-07
696.0,9.5000001465451e-07
696.5,9.5000001465451e-07
697.0,9.5000001465451e-07
697.5,9.5000001465451e-07
698.0,9.5000001465451e-07
698.5,9.5000001465451e-07
699.0,9.5000001465451e-07
699.5,9.5000001465451e-07
700.0,9.5000001465451e-07
700.5,9.5000001465451e-07
701.0,9.5000001465451e-07
701.5,9.5000001465451e-07
702.0,9.5000001465451e-07
702.5,9.5000001465451e-07
703.0,9.5000001465451e-07
703.5,9.5000001465451e-07
704.0,9.5000001465451e-07
704.5,9.5000001465451e-07
705.0,9.5000001465451e-07
705.5,9.5000001465451e-07
706.0,9.5000001465451e-07
706.5,9.5000001465451e-07
707.0,9.5000001465451e-07
707.5,9.5000001465451e-07
708.0,9.5000001465451e-07
708.5,9.5000001465451e-07
709.0,9.5000001465451e-07
709.5,9.5000001465451e-07
710.0,9.5000001465451e-07
710.5,9.5000001465451e-07
711.0,9.5000001465451e-07
711.5,9.5000001465451e-07
712.0,9.5000001465451e-07
712.5,9.5000001465451e-07
713.0,9.5000001465451e-07
713.5,9.5000001465451e-07
714.0,9.5000001465451e-07
714.5,9.5000001465451e-07
715.0,9.5000001465451e-07
715.5,9.5000001465451e-07
716.0,9.5000001465451e-07
716.5,9.5000001465451e-07
717.0,9.5000001465451e-07
717.5,9.5000001465451e-07
718.0,9.5000001465451e-07
718.5,9.5000001465451e-07
719.0,9.5000001465451e-07
719.5,9.5000001465451e-07
720.0,9.5000001465451e-07
720.5,9.5000001465451e-07
721.0,9.5000001465451e-07
721.5,9.5000001465451e-07
722.0,9.5000001465451e-07
722.5,9.5000001465451e-07
723.0,9.5000001465451e-07
723.5,9.5000001465451e-07
724.0,9.5000001465451e-07
724.5,9.5000001465451e-07
725.0,9.5000001465451e-07
725.5,9.5000001465451e-07
726.0,9.5000001465451e-07
726.5,9.5000001465451e-07
727.0,9.5000001465451e-07
727.5,9.5000001465451e-07
728.0,9.5000001465451e-07
728.5,9.5000001465451e-07
729.0,9.5000001465451e-07
729.5,9.5000001465451e-07
730.0,9.5000001465451e-07
730.5,9.5000001465451e-07
731.0,9.5000001465451e-07
731.5,9.5000001465451e-07
732.0,9.5000001465451e-07
732.5,9.5000001465451e-07
733.0,9.5000001465451e-07
733.5,9.5000001465451e-07
734.0,9.5000001465451e-07
734.5,9.5000001465451e-07
735.0,9.5000001465451e-07
735.5,9.5000001465451e-07
736.0,9.5000001465451e-07
736.5,9.5000001465451e-07
737.0,9.5000001465451e-07
737.5,9.5000001465451e-07
738.0,9.5000001465451e-07
738.5,9.5000001465451e-07
739.0,9.5000001465451e-07
739.5,9.5000001465451e-07
740.0,9.5000001465451e-07
740.5,9.5000001465451e-07
741.0,9.5000001465451e-07
741.5,9.5000001465451e-07
742.0,9.5000001465451e-07
742.5,9.5000001465451e-07
743.0,9.5000001465451e-07
743.5,9.5000001465451e-07
744.0,9.5000001465451e-07
744.5,9.5000001465451e-07
745.0,9.5000001465451e-07
745.5,9.5000001465451e-07
746.0,9.5000001465451e-07
746.5,9.5000001465451e-07
747.0,9.5000001465451e-07
747.5,9.5000001465451e-07
748.0,9.5000001465451e-07
748.5,9.5000001465451e-07
749.0,9.5000001465451e-07
749.5,9.5000001465451e-07
750.0,9.5000001465451e-07
750.5,9.5000001465451e-07
751.0,9.5000001465451e-07
751.5,9.5000001465451e-07
752.0,9.5000001465451e-07
752.5,9.5000001465451e-07
753.0,9.5000001465451e-07
753.5,9.5000001465451e-07
754.0,9.5000001465451e-07
754.5,9.5000001465451e-07
755.0,9.5000001465451e-07
755.5,9.5000001465451e-07
756.0,9.5000001465451e-07
756.5,9.5000001465451e-07
757.0,9.5000001465451e-07
757.5,9.5000001465451e-07
758.0,9.5000001465451e-07
758.5,9.5000001465451e-07
759.0,9.5000001465451e-07
759.5,9.5000001465451e-07
760.0,9.5000001465451e-07
760.5,9.5000001465451e-07
761.0,9.5000001465451e-07
761.5,9.5000001465451e-07
762.0,9.5000001465451e-07
762.5,9.5000001465451e-07
763.0,9.5000001465451e-07
763.5,9.5000001465451e-07
764.0,9.5000001465451e-07
764.5,9.5000001465451e-07
765.0,9.5000001465451e-07
765.5,9.5000001465451e-07
766.0,9.5000001465451e-07
766.5,9.5000001465451e-07
767.0,9.5000001465451e-07
767.5,9.5000001465451e-07
768.0,9.5000001465451e-07
768.5,9.5000001465451e-07
769.0,9.5000001465451e-07
769.5,9.5000001465451e-07
770.0,9.5000001465451e-07
770.5,9.5000001465451e-07
771.0,9.5000001465451e-07
771.5,9.5000001465451e-07
772.0,9.5000001465451e-07
772.5,9.5000001465451e-07
773.0,9.5000001465451e-07
773.5,9.5000001465451e-07
774.0,9.5000001465451e-07
774.5,9.5000001465451e-07
775.0,9.5000001465451e-07
775.5,9.5000001465451e-07
776.0,9.5000001465451e-07
776.5,9.5000001465451e-07
777.0,9.5000001465451e-07
777.5,9.5000001465451e-07
778.0,9.5000001465451e-07
778.5,9.5000001465451e-07
779.0,9.5000001465451e-07
779.5,9.5000001465451e-07
780.0,9.5000001465451e-07
780.5,9.5000001465451e-07
781.0,9.5000001465451e-07
781.5,9.5000001465451e-07
782.0,9.5000001465451e-07
782.5,9.5000001465451e-07
783.0,9.5000001465451e-07
783.5,9.5000001465451e-07
784.0,9.5000001465451e-07
784.5,9.5000001465451e-07
785.0,9.5000001465451e-07
785.5,9.5000001465451e-07
786.0,9.5000001465451e-07
786.5,9.5000001465451e-07
787.0,9.5000001465451e-07
787.5,9.5000001465451e-07
788.0,9.5000001465451e-07
788.5,9.5000001465451e-07
789.0,9.5000001465451e-07
789.5,9.5000001465451e-07
790.0,9.5000001465451e-07
790.5,9.5000001465451e-07
791.0,9.5000001465451e-07
791.5,9.5000001465451e-07
792.0,9.5000001465451e-07
792.5,9.5000001465451e-07
793.0,9.5000001465451e-07
793.5,9.5000001465451e-07
794.0,9.5000001465451e-07
794.5,9.5000001465451e-07
795.0,9.5000001465451e-07
795.5,9.5000001465451e-07
796.0,9.5000001465451e-07
796.5,9.5000001465451e-07
797.0,9.5000001465451e-07
797.5,9.5000001465451e-07
798.0,9.5000001465451e-07
798.5,9.9384897112031e-07
799.0,9.5000001465451e-07
799.5,9.5000001465451e-07
800.0,1.3320000107342e-06
800.5,1.7619699974603e-06
801.0,1.921669991134e-06
801.5,1.5179799675025e-06
802.0,1.0078599643748e-06
802.5,1.0988400163114e-06
803.0,9.5000001465451e-07
803.5,1.2921200323035e-06
804.0,2.0264199065423e-06
804.5,2.2725600956619e-06
805.0,1.8431400121699e-06
805.5,1.9136500668537e-06
806.0,1.738819946695e-06
806.5,1.2216399909448e-06
807.0,2.5671499770397e-06
807.5,2.3254999632627e-06
808.0,1.3440400152831e-06
808.5,1.7458399952375e-06
809.0,2.6081800115207e-06
809.5,3.0680200779898e-06
810.0,2.7572700673772e-06
810.5,2.5802301024669e-06
811.0,4.1410598896618e-06
811.5,3.9608999031771e-06
812.0,4.8572101150057e-06
812.5,5.5302598411799e-06
813.0,4.8368401621701e-06
813.5,6.6255802266824e-06
814.0,9.537689948047e-06
814.5,1.3795899576508e-05
815.0,1.5604300642735e-05
815.5,2.0415000108187e-05
816.0,3.3564301702427e-05
816.5,3.8307800423354e-05
817.0,5.6750199291855e-05
817.5,7.7650598541368e-05
818.0,0.00010862699855352
818.5,0.00016390900418628
819.0,0.00022215499484446
819.5,0.00035027900594287
820.0,0.00055555498693138
820.5,0.00085087597835809
821.0,0.0013340800069273
821.5,0.0022559000644833
822.0,0.0038055100012571
822.5,0.0066264998167753
823.0,0.012129800394177
823.5,0.022712400183082
824.0,0.046305399388075
824.5,0.093819297850132
825.0,0.19194899499416
825.5,0.36892700195312
826.0,0.60454100370407
826.5,0.81191200017929
827.0,0.91717302799225
827.5,0.95123398303986
828.0,0.94584602117538
828.5,0.95598298311234
829.0,0.96894901990891
829.5,0.9714919924736
830.0,0.97859299182892
830.5,0.97643399238586
831.0,0.97427499294281
831.5,0.96476298570633
832.0,0.95526301860809
832.5,0.94923597574234
833.0,0.94320899248123
833.5,0.94493800401688
834.0,0.94666701555252
834.5,0.95403099060059
835.0,0.96139097213745
835.5,0.96916097402573
836.0,0.97692799568176
836.5,0.9782389998436
837.0,0.97955000400543
837.5,0.97441899776459
838.0,0.9692850112915
838.5,0.96074998378754
839.0,0.95221102237701
839.5,0.94280600547791
840.0,0.9334009885788
840.5,0.92719602584839
841.0,0.92099702358246
841.5,0.92010098695755
842.0,0.91920500993729
842.5,0.92206001281738
843.0,0.92491501569748
843.5,0.93138599395752
844.0,0.93785899877548
844.5,0.94543701410294
845.0,0.95301097631454
845.5,0.96057397127151
846.0,0.96813297271729
846.5,0.97486102581024
847.0,0.98159199953079
847.5,0.98607397079468
848.0,0.99055498838425
848.5,0.99194002151489
849.0,0.99332499504089
849.5,0.99381601810455
850.0,0.99430698156357
850.5,0.9927179813385
851.0,0.99112802743912
851.5,0.98786598443985
852.0,0.98460501432419
852.5,0.98203498125076
853.0,0.97946298122406
853.5,0.97541499137878
854.0,0.97136700153351
854.5,0.96910101175308
855.0,0.9668340086937
855.5,0.96370500326157
856.0,0.96058201789856
856.5,0.958880007267
857.0,0.95717799663544
857.5,0.95752197504044
858.0,0.95786702632904
858.5,0.9587339758873
859.0,0.9596009850502
859.5,0.96174502372742
860.0,0.96388900279999
860.5,0.96625500917435
861.0,0.96862101554871
861.5,0.97137302160263
862.0,0.97412401437759
862.5,0.97734898328781
863.0,0.98057699203491
863.5,0.98291099071503
864.0,0.98524302244186
864.5,0.98845398426056
865.0,0.99166297912598
865.5,0.99312299489975
866.0,0.99458301067352
866.5,0.9954479932785
867.0,0.99631202220917
867.5,0.99711000919342
868.0,0.99790799617767
868.5,0.99728298187256
869.0,0.99665701389313
869.5,0.99624401330948
870.0,0.99583101272583
870.5,0.99363702535629
871.0,0.99144500494003
871.5,0.98945599794388
872.0,0.98746597766876
872.5,0.98482400178909
873.0,0.98218601942062
873.5,0.97984802722931
874.0,0.97750800848007
874.5,0.97477000951767
875.0,0.97203397750854
875.5,0.96967399120331
876.0,0.96731400489807
876.5,0.96581202745438
877.0,0.96430999040604
877.5,0.96293902397156
878.0,0.96156799793243
878.5,0.96158301830292
879.0,0.96159797906876
879.5,0.9615849852562
880.0,0.96157199144363
880.5,0.96296501159668
881.0,0.96435898542404
881.5,0.96621602773666
882.0,0.96807599067688
882.5,0.97066402435303
883.0,0.97325199842453
883.5,0.97576498985291
884.0,0.97827798128128
884.5,0.98036497831345
885.0,0.98245000839233
885.5,0.98558801412582
886.0,0.98873001337051
886.5,0.99066197872162
887.0,0.99259197711945
887.5,0.99393898248672
888.0,0.995285987854
888.5,0.9959220290184
889.0,0.99655801057816
889.5,0.99699598550797
890.0,0.99743402004242
890.5,0.9974120259285
891.0,0.99739098548889
891.5,0.99659597873688
892.0,0.99580097198486
892.5,0.99389499425888
893.0,0.99198997020721
893.5,0.99036997556686
894.0,0.98874998092651
894.5,0.9873960018158
895.0,0.98604202270508
895.5,0.98357498645782
896.0,0.98110800981522
896.5,0.97983700037003
897.0,0.9785670042038
897.5,0.97633999586105
898.0,0.97411602735519
898.5,0.97345697879791
899.0,0.97279798984528
899.5,0.97147101163864
900.0,0.97014600038528
900.5,0.96946400403976
901.0,0.96878302097321
901.5,0.96818101406097
902.0,0.96757900714874
902.5,0.96815097332001
903.0,0.96872401237488
903.5,0.96897900104523
904.0,0.96923398971558
904.5,0.97056597471237
905.0,0.97189897298813
905.5,0.97332799434662
906.0,0.97475701570511
906.5,0.97618901729584
907.0,0.97762298583984
907.5,0.97847402095795
908.0,0.97932499647141
908.5,0.9814590215683
909.0,0.98359102010727
909.5,0.98586297035217
910.0,0.98813599348068
910.5,0.98886698484421
911.0,0.98959702253342
911.5,0.99188101291656
912.0,0.99416697025299
912.5,0.99492102861404
913.0,0.99567598104477
913.5,0.99665200710297
914.0,0.9976270198822
914.5,0.99787098169327
915.0,0.99811500310898
915.5,0.99787098169327
916.0,0.9976270198822
916.5,0.99651598930359
917.0,0.9954069852829
917.5,0.99426198005676
918.0,0.99311900138855
918.5,0.99266397953033
919.0,0.9922080039978
919.5,0.99070698022842
920.0,0.98920500278473
920.5,0.9876070022583
921.0,0.98600900173187
921.5,0.98465901613235
922.0,0.98330998420715
922.5,0.98154801130295
923.0,0.97978800535202
923.5,0.97919398546219
924.0,0.97859901189804
924.5,0.97800898551941
925.0,0.97741901874542
925.5,0.97694802284241
926.0,0.97647702693939
926.5,0.97611999511719
927.0,0.97576397657394
927.5,0.97577399015427
928.0,0.97578299045563
928.5,0.97583800554276
929.0,0.97589200735092
929.5,0.97601097822189
930.0,0.97612899541855
930.5,0.97611898183823
931.0,0.97610801458359
931.5,0.97685098648071
932.0,0.9775949716568
932.5,0.9785670042038
933.0,0.97953897714615
933.5,0.97936797142029
934.0,0.97919601202011
934.5,0.9800900220871
935.0,0.98098301887512
935.5,0.98203098773956
936.0,0.98307901620865
936.5,0.98361599445343
937.0,0.9841520190239
937.5,0.98520398139954
938.0,0.98625600337982
938.5,0.98652100563049
939.0,0.98678702116013
939.5,0.98761999607086
940.0,0.98845398426056
940.5,0.98968797922134
941.0,0.99092298746109
941.5,0.99145102500916
942.0,0.99197900295258
942.5,0.99227601289749
943.0,0.99257302284241
943.5,0.99331802129745
944.0,0.99406397342682
944.5,0.99475997686386
945.0,0.99545699357986
945.5,0.9953910112381
946.0,0.99532502889633
946.5,0.9953830242157
947.0,0.99544197320938
947.5,0.99548900127411
948.0,0.99553602933884
948.5,0.99410802125931
949.0,0.99268198013306
949.5,0.9918429851532
950.0,0.99100297689438
950.5,0.98972302675247
951.0,0.988440990448
951.5,0.98680198192596
952.0,0.98516499996185
952.5,0.98296499252319
953.0,0.98076701164246
953.5,0.98002398014069
954.0,0.97928100824356
954.5,0.97742998600006
955.0,0.97557997703552
955.5,0.97464001178741
956.0,0.9736989736557
956.5,0.97275298833847
957.0,0.9718080163002
957.5,0.97250497341156
958.0,0.97320300340652
958.5,0.97258198261261
959.0,0.97196197509766
959.5,0.97145301103592
960.0,0.9709450006485
960.5,0.97200900316238
961.0,0.97307401895523
961.5,0.97358798980713
962.0,0.97410297393799
962.5,0.97536998987198
963.0,0.97663700580597
963.5,0.97794902324677
964.0,0.97926199436188
964.5,0.97997099161148
965.0,0.98067802190781
965.5,0.98172801733017
966.0,0.98277801275253
966.5,0.984001994133
967.0,0.98522597551346
967.5,0.98517799377441
968.0,0.98513001203537
968.5,0.98659598827362
969.0,0.98805999755859
969.5,0.98872601985931
970.0,0.98939299583435
970.5,0.99000400304794
971.0,0.9906160235405
971.5,0.99096202850342
972.0,0.99130797386169
972.5,0.99140900373459
973.0,0.9915109872818
973.5,0.99207097291946
974.0,0.99263197183609
974.5,0.99302697181702
975.0,0.99342197179794
975.5,0.9937139749527
976.0,0.99400597810745
976.5,0.99497902393341
977.0,0.99595302343369
977.5,0.99563598632812
978.0,0.99531799554825
978.5,0.99498802423477
979.0,0.99465698003769
979.5,0.99426001310349
980.0,0.9938639998436
980.5,0.99376600980759
981.0,0.99366897344589
981.5,0.99327701330185
982.0,0.99288600683212
982.5,0.99252301454544
983.0,0.99216097593307
983.5,0.99186897277832
984.0,0.99157702922821
984.5,0.99000602960587
985.0,0.98843497037888
985.5,0.98727601766586
986.0,0.98611801862717
986.5,0.98512399196625
987.0,0.98413002490997
987.5,0.98331797122955
988.0,0.98250502347946
988.5,0.98162698745728
989.0,0.9807500243187
989.5,0.98006397485733
990.0,0.97937899827957
990.5,0.97793298959732
991.0,0.97648900747299
991.5,0.97637498378754
992.0,0.97626197338104
992.5,0.97567301988602
993.0,0.97508502006531
993.5,0.97382199764252
994.0,0.97255998849869
994.5,0.97376197576523
995.0,0.97496300935745
995.5,0.97442102432251
996.0,0.97387897968292
996.5,0.97486597299576
997.0,0.97585600614548
997.5,0.97583198547363
998.0,0.97580897808075
998.5,0.97650599479675
999.0,0.97720402479172
999.5,0.97797298431396
1000.0,0.9787409901619
1000.5,0.98031401634216
1001.0,0.98188698291779
1001.5,0.98227399587631
1002.0,0.98266100883484
1002.5,0.98413598537445
1003.0,0.98561501502991
1003.5,0.98580497503281
1004.0,0.98599600791931
1004.5,0.98716902732849
1005.0,0.98834097385406
1005.5,0.98840999603271
1006.0,0.98847997188568
1006.5,0.98961102962494
1007.0,0.99074500799179
1007.5,0.9906610250473
1008.0,0.99057799577713
1008.5,0.99172502756119
1009.0,0.9928719997406
1009.5,0.99338901042938
1010.0,0.99390602111816
1010.5,0.9943420290947
1011.0,0.99477797746658
1011.5,0.99497300386429
1012.0,0.99516701698303
1012.5,0.99567002058029
1013.0,0.99617302417755
1013.5,0.99582499265671
1014.0,0.99547797441483
1014.5,0.99586498737335
1015.0,0.99625200033188
1015.5,0.99652898311615
1016.0,0.99680602550507
1016.5,0.99649298191071
1017.0,0.99617898464203
1017.5,0.99552899599075
1018.0,0.99487900733948
1018.5,0.99427497386932
1019.0,0.99366998672485
1019.5,0.99342799186707
1020.0,0.99318599700928
1020.5,0.99258697032928
1021.0,0.99198800325394
1021.5,0.99130702018738
1022.0,0.9906240105629
1022.5,0.98921197652817
1023.0,0.98780202865601
1023.5,0.98698401451111
1024.0,0.98616600036621
1024.5,0.98566800355911
1025.0,0.98517000675201
1025.5,0.98352098464966
1026.0,0.98187398910522
1026.5,0.98031800985336
1027.0,0.97876197099686
1027.5,0.97869801521301
1028.0,0.97863399982452
1028.5,0.97829002141953
1029.0,0.97794502973557
1029.5,0.9777410030365
1030.0,0.97753697633743
1030.5,0.97707498073578
1031.0,0.97661501169205
1031.5,0.97626900672913
1032.0,0.97592401504517
1032.5,0.97636902332306
1033.0,0.97681498527527
1033.5,0.97691601514816
1034.0,0.97701698541641
1034.5,0.97690898180008
1035.0,0.97680097818375
1035.5,0.97796201705933
1036.0,0.97912502288818
1036.5,0.97987002134323
1037.0,0.9806159734726
1037.5,0.98106199502945
1038.0,0.9815080165863
1038.5,0.98178100585938
1039.0,0.98205399513245
1039.5,0.98324602842331
1040.0,0.98443901538849
1040.5,0.98511600494385
1041.0,0.98579299449921
1041.5,0.9858769774437
1042.0,0.98596101999283
1042.5,0.98635399341583
1043.0,0.98674601316452
1043.5,0.98819798231125
1044.0,0.9896519780159
1044.5,0.98961800336838
1045.0,0.98958402872086
1045.5,0.9898629784584
1046.0,0.9901419878006
1046.5,0.99112898111343
1047.0,0.99211698770523
1047.5,0.99152797460556
1048.0,0.99093997478485
1048.5,0.99226897954941
1049.0,0.99360001087189
1049.5,0.99362999200821
1050.0,0.99366098642349
1050.5,0.9942569732666
1051.0,0.99485301971436
1051.5,0.99531602859497
1052.0,0.99577897787094
1052.5,0.99639201164246
1053.0,0.99700498580933
1053.5,0.99638700485229
1054.0,0.99576997756958
1054.5,0.99606102705002
1055.0,0.99635201692581
1055.5,0.9962540268898
1056.0,0.99615597724915
1056.5,0.99580997228622
1057.0,0.99546301364899
1057.5,0.99616497755051
1058.0,0.99686700105667
1058.5,0.99601298570633
1059.0,0.99515998363495
1059.5,0.994588971138
1060.0,0.99401897192001
1060.5,0.99341702461243
1061.0,0.99281597137451
1061.5,0.99263501167297
1062.0,0.99245500564575
1062.5,0.99140298366547
1063.0,0.9903529882431
1063.5,0.98944598436356
1064.0,0.98853802680969
1064.5,0.98788398504257
1065.0,0.98723101615906
1065.5,0.98615199327469
1066.0,0.985072016716
1066.5,0.98421597480774
1067.0,0.98335999250412
1067.5,0.98224002122879
1068.0,0.98111802339554
1068.5,0.98069399595261
1069.0,0.98026901483536
1069.5,0.97979199886322
1070.0,0.97931498289108
1070.5,0.97816300392151
1071.0,0.97701197862625
1071.5,0.97713297605515
1072.0,0.97725397348404
1072.5,0.97688001394272
1073.0,0.97650599479675
1073.5,0.97672200202942
1074.0,0.97693800926208
1074.5,0.97652101516724
1075.0,0.9761049747467
1075.5,0.97668701410294
1076.0,0.97726899385452
1076.5,0.97848600149155
1077.0,0.97970300912857
1077.5,0.97934401035309
1078.0,0.97898602485657
1078.5,0.97918897867203
1079.0,0.97939300537109
1079.5,0.98049801588058
1080.0,0.98160499334335
1080.5,0.98225802183151
1081.0,0.98291099071503
1081.5,0.98365598917007
1082.0,0.98440200090408
1082.5,0.98475301265717
1083.0,0.98510301113129
1083.5,0.98553997278214
1084.0,0.98597598075867
1084.5,0.98664599657059
1085.0,0.98731499910355
1085.5,0.98779100179672
1086.0,0.9882670044899
1086.5,0.98865401744843
1087.0,0.98904001712799
1087.5,0.98891699314117
1088.0,0.988794028759
1088.5,0.98935502767563
1089.0,0.98991698026657
1089.5,0.99054402112961
1090.0,0.99117201566696
1090.5,0.99206602573395
1091.0,0.99296098947525
1091.5,0.99334800243378
1092.0,0.9937350153923
1092.5,0.99398797750473
1093.0,0.9942409992218
1093.5,0.9943460226059
1094.0,0.99445098638535
1094.5,0.99468797445297
1095.0,0.99492597579956
1095.5,0.99554699659348
1096.0,0.99616801738739
1096.5,0.99615198373795
1097.0,0.99613499641418
1097.5,0.99649500846863
1098.0,0.99685597419739
1098.5,0.99712800979614
1099.0,0.99739998579025
1099.5,0.99716502428055
1100.0,0.99693101644516
1100.5,0.99674099683762
1101.0,0.99655199050903
1101.5,0.99691498279572
1102.0,0.9972779750824
1102.5,0.99715501070023
1103.0,0.99703198671341
1103.5,0.99724298715591
1104.0,0.99745398759842
1104.5,0.99701499938965
1105.0,0.99657702445984
1105.5,0.99570202827454
1106.0,0.99482601881027
1106.5,0.99398601055145
1107.0,0.99314802885056
1107.5,0.99245798587799
1108.0,0.99176901578903
1108.5,0.99171102046967
1109.0,0.9916530251503
1109.5,0.99091500043869
1110.0,0.99017697572708
1110.5,0.98902702331543
1111.0,0.98787897825241
1111.5,0.98781299591064
1112.0,0.98774701356888
1112.5,0.98648399114609
1113.0,0.98522102832794
1113.5,0.98441201448441
1114.0,0.98360198736191
1114.5,0.98313099145889
1115.0,0.98265999555588
1115.5,0.98273801803589
1116.0,0.98281502723694
1116.5,0.98190200328827
1117.0,0.98098999261856
1117.5,0.98024302721024
1118.0,0.97949600219727
1118.5,0.97944700717926
1119.0,0.97939902544022
1119.5,0.97930598258972
1120.0,0.97921299934387
1120.5,0.97959500551224
1121.0,0.9799770116806
1121.5,0.97956800460815
1122.0,0.97915899753571
1122.5,0.97934699058533
1123.0,0.97953599691391
1123.5,0.98024398088455
1124.0,0.98095297813416
1124.5,0.98123401403427
1125.0,0.98151397705078
1125.5,0.98173099756241
1126.0,0.98194897174835
1126.5,0.98278802633286
1127.0,0.98362702131271
1127.5,0.98346900939941
1128.0,0.98331201076508
1128.5,0.98385798931122
1129.0,0.98440599441528
1129.5,0.98439401388168
1130.0,0.98438197374344
1130.5,0.98489999771118
1131.0,0.98541897535324
1131.5,0.98578602075577
1132.0,0.98615199327469
1132.5,0.98612898588181
1133.0,0.98610597848892
1133.5,0.9862949848175
1134.0,0.98648500442505
1134.5,0.98729699850082
1135.0,0.98811000585556
1135.5,0.98850500583649
1136.0,0.98890000581741
1136.5,0.98943901062012
1137.0,0.98997700214386
1137.5,0.98996597528458
1138.0,0.9899560213089
1138.5,0.98983699083328
1139.0,0.98971801996231
1139.5,0.99014002084732
1140.0,0.99056202173233
1140.5,0.99222600460052
1141.0,0.99388897418976
1141.5,0.9934110045433
1142.0,0.99293297529221
1142.5,0.99295902252197
1143.0,0.99298501014709
1143.5,0.99377900362015
1144.0,0.99457401037216
1144.5,0.9943540096283
1145.0,0.99413400888443
1145.5,0.99483901262283
1146.0,0.99554401636124
1146.5,0.99655199050903
1147.0,0.99756097793579
1147.5,0.99688100814819
1148.0,0.99620199203491
1148.5,0.99686199426651
1149.0,0.99752300977707
1149.5,0.99707001447678
1150.0,0.99661701917648
1150.5,0.99670302867889
1151.0,0.99678999185562
1151.5,0.99739998579025
1152.0,0.99800997972488
1152.5,0.99669402837753
1153.0,0.99538099765778
1153.5,0.99506002664566
1154.0,0.99473798274994
1154.5,0.99482697248459
1155.0,0.99491602182388
1155.5,0.99401599168777
1156.0,0.99311500787735
1156.5,0.99292099475861
1157.0,0.99272799491882
1157.5,0.99192702770233
1158.0,0.9911260008812
1158.5,0.99072098731995
1159.0,0.9903159737587
1159.5,0.98926001787186
1160.0,0.98820197582245
1160.5,0.98829799890518
1161.0,0.98839300870895
1161.5,0.98672997951508
1162.0,0.98506498336792
1162.5,0.9850270152092
1163.0,0.98498797416687
1163.5,0.98480999469757
1164.0,0.98463201522827
1164.5,0.98442798852921
1165.0,0.98422300815582
1165.5,0.98360699415207
1166.0,0.98299199342728
1166.5,0.98293298482895
1167.0,0.98287498950958
1167.5,0.98250198364258
1168.0,0.98212897777557
1168.5,0.982342004776
1169.0,0.98255497217178
1169.5,0.98248100280762
1170.0,0.98240798711777
1170.5,0.98238801956177
1171.0,0.98236900568008
1171.5,0.98239701986313
1172.0,0.98242598772049
1172.5,0.98282301425934
1173.0,0.98321998119354
1173.5,0.98356199264526
1174.0,0.98390597105026
1174.5,0.98438102006912
1175.0,0.98485797643661
1175.5,0.98483800888062
1176.0,0.98481899499893
1176.5,0.98488599061966
1177.0,0.98495298624039
1177.5,0.98539698123932
1178.0,0.98584097623825
1178.5,0.98551499843597
1179.0,0.98518997430801
1179.5,0.98487198352814
1180.0,0.9845529794693
1180.5,0.98495602607727
1181.0,0.98535799980164
1181.5,0.98514097929001
1182.0,0.98492497205734
1182.5,0.98540699481964
1183.0,0.98588997125626
1183.5,0.98571699857712
1184.0,0.9855449795723
1184.5,0.98555701971054
1185.0,0.9855700135231
1185.5,0.98635101318359
1186.0,0.98713302612305
1186.5,0.98619997501373
1187.0,0.98527002334595
1187.5,0.98584997653961
1188.0,0.98642998933792
1188.5,0.98658901453018
1189.0,0.98674702644348
1189.5,0.98688197135925
1190.0,0.98701697587967
1190.5,0.98708599805832
1191.0,0.98715502023697
1191.5,0.9872339963913
1192.0,0.98731297254562
1192.5,0.98771297931671
1193.0,0.98811197280884
1193.5,0.98808401823044
1194.0,0.98805600404739
1194.5,0.98836201429367
1195.0,0.98866897821426
1195.5,0.98939400911331
1196.0,0.99011999368668
1196.5,0.99052202701569
1197.0,0.99092501401901
1197.5,0.99179202318192
1198.0,0.9926609992981
1198.5,0.99236899614334
1199.0,0.99207800626755
1199.5,0.99268698692322
1200.0,0.99329400062561
1200.5,9.5000001465451e-07
